                            OLS Regression Results                            
==============================================================================
Dep. Variable:           System Price   R-squared:                       0.929
Model:                            OLS   Adj. R-squared:                  0.926
Method:                 Least Squares   F-statistic:                     429.0
Date:                Mon, 08 Mar 2021   Prob (F-statistic):               0.00
Time:                        17:56:08   Log-Likelihood:                -5260.6
No. Observations:                2177   AIC:                         1.065e+04
Df Residuals:                    2112   BIC:                         1.102e+04
Df Model:                          64                                         
Covariance Type:            nonrobust                                         
================================================================================
                   coef    std err          t      P>|t|      [0.025      0.975]
--------------------------------------------------------------------------------
Temp. Norway    -0.2742      0.023    -11.807      0.000      -0.320      -0.229
1 day lag        0.7180      0.021     33.917      0.000       0.676       0.759
2 day lag       -0.0342      0.026     -1.302      0.193      -0.086       0.017
3 day lag        0.1442      0.022      6.553      0.000       0.101       0.187
1 week lag       0.0991      0.016      6.105      0.000       0.067       0.131
2 week lag       0.0514      0.013      3.928      0.000       0.026       0.077
Mon              4.5075      0.265     17.006      0.000       3.988       5.027
Tue              2.4716      0.279      8.874      0.000       1.925       3.018
Wed              2.4686      0.280      8.815      0.000       1.919       3.018
Thu              1.9414      0.269      7.207      0.000       1.413       2.470
Fri              1.5300      0.269      5.680      0.000       1.002       2.058
Sat             -0.1245      0.267     -0.466      0.642      -0.649       0.400
Sun              0.8914      0.264      3.375      0.001       0.373       1.409
w1              -1.4227      0.479     -2.971      0.003      -2.362      -0.484
w2              -1.4302      0.494     -2.897      0.004      -2.398      -0.462
w3              -1.4811      0.475     -3.116      0.002      -2.413      -0.549
w4              -2.1830      0.456     -4.787      0.000      -3.077      -1.289
w5              -2.3438      0.462     -5.072      0.000      -3.250      -1.438
w6              -1.9824      0.457     -4.340      0.000      -2.878      -1.087
w7              -1.7003      0.441     -3.851      0.000      -2.566      -0.835
w8              -1.6313      0.447     -3.650      0.000      -2.508      -0.755
w9              -1.3028      0.443     -2.941      0.003      -2.172      -0.434
w10             -1.7286      0.442     -3.908      0.000      -2.596      -0.861
w11             -1.5440      0.437     -3.536      0.000      -2.400      -0.688
w12             -1.1701      0.432     -2.711      0.007      -2.017      -0.324
w13             -0.9143      0.430     -2.126      0.034      -1.758      -0.071
w14             -0.5841      0.426     -1.370      0.171      -1.420       0.252
w15             -0.5646      0.424     -1.331      0.183      -1.396       0.267
w16             -0.2942      0.422     -0.697      0.486      -1.122       0.533
w17             -0.0512      0.422     -0.121      0.903      -0.879       0.776
w18              0.0730      0.422      0.173      0.863      -0.754       0.901
w19              0.2532      0.424      0.598      0.550      -0.578       1.084
w20              0.9324      0.431      2.165      0.031       0.088       1.777
w21              1.6508      0.440      3.749      0.000       0.787       2.514
w22              1.5755      0.442      3.561      0.000       0.708       2.443
w23              1.2247      0.449      2.730      0.006       0.345       2.105
w24              1.9647      0.449      4.373      0.000       1.084       2.846
w25              1.5234      0.445      3.424      0.001       0.651       2.396
w26              2.5875      0.458      5.652      0.000       1.690       3.485
w27              2.5822      0.462      5.586      0.000       1.676       3.489
w28              2.9269      0.478      6.121      0.000       1.989       3.865
w29              3.2807      0.490      6.694      0.000       2.320       4.242
w30              3.2675      0.507      6.446      0.000       2.273       4.262
w31              2.7485      0.481      5.711      0.000       1.805       3.692
w32              2.1089      0.470      4.484      0.000       1.187       3.031
w33              2.7644      0.469      5.897      0.000       1.845       3.684
w34              2.9287      0.462      6.343      0.000       2.023       3.834
w35              2.9663      0.468      6.338      0.000       2.048       3.884
w36              1.9894      0.455      4.377      0.000       1.098       2.881
w37              1.5900      0.451      3.525      0.000       0.705       2.474
w38              1.0640      0.442      2.409      0.016       0.198       1.930
w39              0.9395      0.435      2.161      0.031       0.087       1.792
w40              1.2427      0.424      2.928      0.003       0.410       2.075
w41              0.3219      0.425      0.757      0.449      -0.512       1.156
w42              1.1653      0.423      2.757      0.006       0.336       1.994
w43             -0.1152      0.423     -0.272      0.785      -0.945       0.714
w44             -0.0745      0.424     -0.176      0.861      -0.906       0.757
w45              0.1728      0.429      0.403      0.687      -0.668       1.014
w46             -0.5456      0.428     -1.275      0.203      -1.385       0.294
w47             -0.6908      0.436     -1.586      0.113      -1.545       0.164
w48             -0.9394      0.439     -2.140      0.032      -1.800      -0.078
w49             -1.9978      0.438     -4.564      0.000      -2.856      -1.139
w50             -0.9537      0.448     -2.131      0.033      -1.831      -0.076
w51             -1.6744      0.438     -3.820      0.000      -2.534      -0.815
w52             -2.1112      0.450     -4.688      0.000      -2.994      -1.228
w53             -0.7276      1.041     -0.699      0.485      -2.770       1.315
==============================================================================
Omnibus:                      615.600   Durbin-Watson:                   1.974
Prob(Omnibus):                  0.000   Jarque-Bera (JB):            48133.123
Skew:                          -0.330   Prob(JB):                         0.00
Kurtosis:                      26.026   Cond. No.                     9.70e+17
==============================================================================

Notes:
[1] Standard Errors assume that the covariance matrix of the errors is correctly specified.
[2] The smallest eigenvalue is 1.27e-29. This might indicate that there are
strong multicollinearity problems or that the design matrix is singular.